20
66
0 19
0 4
0 5
1 19
1 17
1 11
1 4
2 16
2 9
2 17
3 8
3 10
3 13
3 7
4 0
4 1
4 11
5 0
5 8
5 18
5 12
5 16
6 16
6 18
6 11
6 13
6 7
7 3
7 6
8 3
8 12
8 5
9 2
9 14
10 16
10 18
10 3
11 1
11 4
11 6
12 8
12 19
12 5
13 3
13 6
14 16
14 9
15 16
15 17
16 2
16 5
16 6
16 10
16 14
16 15
16 18
17 1
17 2
17 15
18 16
18 10
18 5
18 6
19 0
19 1
19 12
0 1.0 0.0 0
1 0.951056516295 0.309016994375 0
2 0.809016994375 0.587785252292 0
3 0.587785252292 0.809016994375 0
4 0.309016994375 0.951056516295 0
5 6.12323399574e-17 1.0 0
6 -0.309016994375 0.951056516295 0
7 -0.587785252292 0.809016994375 0
8 -0.809016994375 0.587785252292 0
9 -0.951056516295 0.309016994375 0
10 -1.0 1.22464679915e-16 0
11 -0.951056516295 -0.309016994375 0
12 -0.809016994375 -0.587785252292 0
13 -0.587785252292 -0.809016994375 0
14 -0.309016994375 -0.951056516295 0
15 -1.83697019872e-16 -1.0 0
16 0.309016994375 -0.951056516295 0
17 0.587785252292 -0.809016994375 0
18 0.809016994375 -0.587785252292 0
19 0.951056516295 -0.309016994375 0